time,x,y,z,phi,theta,psi,x_velocity,y_velocity,z_velocity,phi_velocity,theta_velocity,psi_velocity,rotor_speed1,rotor_speed2,rotor_speed3,rotor_speed4
0.06,-2.2438563657876418e-08,4.2988810551807103e-07,0.006344955049375024,0.00033533536951591003,2.4279730157061863e-05,0.0,-2.2010489607643756e-06,3.6398588181924606e-05,0.21148243988297347,0.014913778705335123,0.00120202023296932,0.0,470.4889176985176,470.5819466082385,470.78109928335897,471.9333597861819
0.12000000000000001,-9.266441125666516e-07,1.2834324248768063e-05,0.021957266158116075,0.0010118321295458088,9.319383987715923e-05,0.0,-3.510522811628407e-05,0.00045816783313976605,0.30890590086024516,0.0027679952613793987,0.001041441492372675,0.0,436.56438266347055,436.5509608006938,436.23426805627025,435.218944941074
0.18,-6.251649065252239e-06,6.232630106250893e-05,0.043935267324333706,0.0007926812603411548,0.0008797904514423749,0.0,-0.00019399247006297545,0.001193807976217992,0.4236579168585743,-0.021335791970390976,0.03017421430644032,0.0,440.26315962335116,442.6665527947086,442.87457643024845,440.8879438936767
0.23999999999999996,-4.256388782293276e-05,0.00014526816928297305,0.07162810017126495,6.282939683030335,0.0030974658447489034,0.0,-0.0012171783473087787,0.0014578203478281624,0.4994056729311326,-0.010265453705922216,0.047910990580596495,0.0,428.769970071878,430.274607917828,428.6855799540788,429.6251319180379
0.3,-0.0001906030483912247,0.00022579827842169356,0.10462336160038102,6.282750939981465,0.005714170299215837,0.0,-0.003999603435127936,0.0011883473443578163,0.6003870482368818,0.008240479434680072,0.03321677233553934,0.0,437.70160046914447,436.47825694575397,437.1204728911367,438.6597430994945
0.36000000000000004,-0.0005433921254353723,0.000290658495708874,0.14154328352136292,6.282995647180421,0.007595308719720251,0.0,-0.00793767954550811,0.0010090575154913684,0.6302596438683803,-0.00591621978498069,0.02733592116135748,0.0,414.7715846065796,414.25528135509177,414.9897797426346,413.745403454376
0.4200000000000001,-0.0011828145058398194,0.00034655676075663074,0.1823652653295297,6.282074736188413,0.008932270027989908,0.0,-0.013530508560711998,0.0008069007665808829,0.7304126295567452,-0.051607881476396666,0.009537559001849391,0.0,437.6091320904405,436.1253236244621,439.79310078632267,435.99254283972675
0.48000000000000015,-0.0022141167500602005,0.0003540570739555916,0.23276868430259623,6.278797052481032,0.009822976765506475,0.0,-0.020934364861415672,-0.0009369554475684179,0.949543289098691,-0.06147759825448504,0.02377154372234867,0.0,473.81741996028165,474.9101986141606,473.56473404794286,472.80321803132847
0.5400000000000001,-0.0037018879991954716,0.00018204834239959834,0.29499719042952116,6.275442341871628,0.011678550506107221,0.0,-0.028845313262392272,-0.005192118731833765,1.124580018104161,-0.04662317032613814,0.04235545038478257,0.0,460.1121772597036,461.581201459227,460.62807088586476,461.79905969467467
0.6000000000000002,-0.005643357129622157,-0.00027284902141211587,0.3621593268167778,6.272446142808725,0.013845566774015161,0.0,-0.03607598054581601,-0.010218467845478713,1.1141632682158333,-0.05755725701596258,0.019159638969261435,0.0,403.384573061765,401.28537657129914,401.5003239816722,400.5052798837643
0.6600000000000003,-0.008134935655587667,-0.001150462183460583,0.43461477281764943,6.268515346472448,0.01471639945566583,0.0,-0.04709246002216524,-0.01944668051692473,1.3008176096607003,-0.09040602531478624,0.003063640943607608,0.0,466.0798432316068,464.82018912096146,465.5616392337195,462.98120818477867
0.7200000000000003,-0.01118211488346927,-0.002552582166942473,0.5100137670920545,6.262968142761746,0.015140847074849972,0.0,-0.05450503822773814,-0.02769865360766277,1.2125734935814327,-0.0968959068907931,0.014083318081672978,0.0,373.5824832091538,374.6552522531649,374.73552857909635,374.0951953084941
0.7800000000000004,-0.014805250505356365,-0.004703467178378452,0.588165705993345,6.25831619876257,0.0159647306063464,0.0,-0.06635816373167171,-0.04457126322442677,1.3922747429863915,-0.054091895666185705,0.013018104212144194,0.0,462.8745368156087,462.79058711707916,461.56073514228444,464.9208579290325
0.8400000000000004,-0.01915236082667475,-0.007955140529086779,0.6767298325358561,6.255486438776003,0.016654593821987973,0.0,-0.07862480217798484,-0.06414947161973175,1.5596384037962912,-0.036027563295279515,0.008269027822987869,0.0,459.68867325285527,459.3121009983925,459.34913346065156,460.77793856195865
0.9000000000000005,-0.02426154343640269,-0.012461204560515889,0.7760250490941136,6.253044212056352,0.016823184585063267,0.0,-0.09171896018798903,-0.0863080900914159,1.7499209420645236,-0.05224494861245168,-0.01130086857908585,0.0,467.8297032559829,466.3035451792056,467.8416136841103,466.57646401805874
0.9600000000000005,-0.030114923873837768,-0.018283913248338467,0.8843214925424845,6.2496123236499095,0.015941558876893858,0.0,-0.10331148911821067,-0.10811412700323844,1.8597773447660069,-0.06961348973387796,-0.022530012975132543,0.0,441.79414770118416,440.86746740828187,445.67758553557616,444.25346765688244
1.0200000000000005,-0.03664626733447422,-0.02549814707282691,0.999426847320759,6.245735021448368,0.014371446594642734,0.0,-0.11424573955850512,-0.13277320444434457,1.9768583191446503,-0.05615249683816084,-0.03467323632392036,0.0,446.3541363644931,445.3619308426857,445.2245747924747,446.32135498329814
1.0800000000000005,-0.04379008661965406,-0.03425042424731955,1.1210153707788386,6.242652797180128,0.012154328860580321,0.0,-0.1236609916996454,-0.15929025773660319,2.0759059182696182,-0.043206147479963035,-0.04194944921403372,0.0,440.3534851314702,439.75054420428773,440.6140079484208,441.6811952946872
1.1400000000000006,-0.05142473717490061,-0.04455865971223313,1.246215403922604,6.240552030757518,0.010070221870797091,0.0,-0.13062190792116932,-0.1845253960479022,2.097380956612818,-0.02227888432465147,-0.02322959732949491,0.0,414.27569607042494,415.9176945382415,415.5323464718336,417.36205764293686
1.2000000000000006,-0.05949157101037125,-0.0566311553818755,1.377728130410727,6.2387018629089965,0.008426470874008274,0.0,-0.13809639447282762,-0.2180467157971928,2.2860098870926935,-0.05947483333466765,-0.037400321150565366,0.0,468.7991366676167,467.6966259297284,470.2952285887321,467.40494026724735
1.2600000000000007,-0.06795657561357987,-0.070712883255174,1.5193394401491482,6.23547427844095,0.0070468565012840045,0.0,-0.143880872673798,-0.2516999030437788,2.4340443272926704,-0.04434188462610391,-0.003666360905747198,0.0,455.919606481485,458.6066304228494,456.34379591771057,457.5482117585809
1.3200000000000007,-0.07672511570720668,-0.08674488963504802,1.6669847866744827,6.232520776629427,0.006543618631831727,0.0,-0.14837093575739302,-0.2829603812081277,2.487335656144497,-0.061416907083660495,-0.020072197204513587,0.0,428.6341304291805,427.2377567977866,428.683279310912,427.2282109564402
1.3800000000000008,-0.0857529413682686,-0.10473785344866228,1.8183017712378253,6.228649353539893,0.005248626525654387,0.0,-0.152434254914241,-0.31716556735266177,2.556388162415375,-0.07159778784305273,-0.02479040312852329,0.0,434.19508825789353,433.7990596525481,433.12579671884623,432.2655051415381
1.4400000000000008,-0.09500164494417236,-0.12489822992316157,1.97443977745611,6.225363026570449,0.003944454619728255,0.0,-0.15571495369073635,-0.3552064744592948,2.6479778014366127,-0.033333257752564315,-0.016237920128115736,0.0,440.39555329117786,441.1023576302654,439.5217453021649,442.67907192070373
1.5000000000000009,-0.10441887445858142,-0.14734779203425558,2.1351626618236144,6.223963399145543,0.0026678623569980076,0.0,-0.1580864499549472,-0.39326477209487065,2.7092931496720043,-0.008468983306579145,-0.03397388118189409,0.0,432.09726390234493,430.59943379546803,431.0774559708599,433.1732462772571
1.560000000000001,-0.11396046365122932,-0.17238200582295446,2.304246630834675,6.22362211100247,0.000584407405751719,0.0,-0.1597195473793992,-0.4412304714225015,2.9262989732543634,-0.0006373241259624881,-0.03626854046792332,0.0,479.2628490123914,479.08799755705843,480.04794336417854,480.6419409713863
1.620000000000001,-0.12354783636575772,-0.19990591992510018,2.4797238581290952,6.223676393772683,6.281228672535857,0.0,-0.15965877412428223,-0.4762366497575582,2.922945946457557,0.003823219331379588,-0.058705735201708284,0.0,412.5081272056351,410.5206850971765,412.05765514717814,412.451778576294
1.680000000000001,-0.13307682972206095,-0.22966827660938477,2.6573345683490786,6.2235203464096465,6.278011197478126,0.0,-0.1576455354037105,-0.515826167638506,2.9972131049728943,-0.020298266232411696,-0.04502543594659573,0.0,437.0377986833468,438.1745584695873,438.2138646726168,436.2041658668316
1.740000000000001,-0.14242692314486852,-0.2617800021394826,2.8388222574596114,6.222847997043715,6.275108966521497,0.0,-0.15375887187147583,-0.554645947586607,3.052217726292378,0.0026067386785028875,-0.05607571959379212,0.0,431.64851763437974,430.7134059558767,431.16416082266414,433.0950641641521
1.8000000000000012,-0.15151881685276125,-0.29600267766267074,3.019836745991182,6.223181626995071,6.272274056070479,0.0,-0.14906769141693196,-0.5861072011914554,2.981781549598409,0.010895673081144122,-0.03375213005507753,0.0,387.3587658962308,389.45060838374883,389.8292826976532,390.60300459022613
1.8600000000000012,-0.16017793453035137,-0.33269059695134207,3.2063960127485047,6.225265594005474,6.270032291394454,0.0,-0.13931223257748865,-0.6365913932356342,3.2361758068911852,0.06126219538254357,-0.04578957521376164,0.0,491.74653651585623,490.85349855795664,490.68797142164823,494.41312604814414
1.9200000000000013,-0.1682498320418238,-0.37210089537815516,3.403960579856914,6.228925949030437,6.267095561100444,0.0,-0.12946084172281558,-0.676693879235576,3.34900105122342,0.06048860576699624,-0.056149358865884166,0.0,452.31215775400403,451.47557251657634,450.8602616961649,450.80034953126926
1.9800000000000013,-0.1757313536085931,-0.413634245674993,3.604421369355538,6.232501373000254,6.2632933822534795,0.0,-0.11962356724157777,-0.7074567284320189,3.333084943769993,0.05773145216128039,-0.08449777829199707,0.0,411.794642002396,409.27551456683125,410.1362032671345,409.8940617363582
2.0400000000000014,-0.18249984799806662,-0.4570792207081824,3.806423689873322,6.235847309233641,6.258320060031295,0.0,-0.10550929616624669,-0.7403769929831914,3.4001359552848593,0.051513379893970423,-0.07985239016495578,0.0,437.94934350893374,438.3298614221223,437.12637951200963,436.61004311901087
2.1000000000000014,-0.18816951351583588,-0.5027179128193159,4.018458409253963,6.238627728043433,6.253412235651155,0.0,-0.0828866540685826,-0.7805076034704612,3.6668700673030354,0.033204398428222766,-0.08599866784192618,0.0,498.22311299626307,497.76887531389923,497.86363673425734,496.523191643315
2.1600000000000015,-0.19253868708929883,-0.5504329040356986,4.240490205772516,6.241554378478687,6.248066791205218,0.0,-0.06224945759890912,-0.8097416751861427,3.7339690661925244,0.06914931634558487,-0.0961245816504107,0.0,439.4602909228525,438.61331543500154,438.90399427864725,441.8786421018306
2.2200000000000015,-0.19554287796766145,-0.599862471525967,4.467103341608748,6.245440762293528,6.242920652501276,0.0,-0.037360446923127816,-0.83750614406656,3.8195211051789633,0.05415068331972972,-0.07052896780080964,0.0,444.9519046641391,447.0361784005014,446.6288384301382,445.40682285030766
2.2800000000000016,-0.19711889660091586,-0.650735433577965,4.694845150915124,6.2490286420138546,6.238557791120023,0.0,-0.014821667087552292,-0.8579992362302784,3.7720320405220384,0.0692006825885438,-0.07748584300315925,0.0,402.6536551825231,402.0190106648417,402.5369635576402,403.89956808264645
2.3400000000000016,-0.19685554672425568,-0.7030831198775516,4.928844705686903,6.253525197554346,6.233768542310443,0.0,0.024150420125531074,-0.88636283064237,4.027084178185563,0.08447618853045195,-0.08495227163619001,0.0,496.35790577106155,495.8052167147229,496.51517213779204,497.63832472226505
2.4000000000000017,-0.19432859781264678,-0.7569041102260676,5.174212497640948,6.2584353683010185,6.228625738876975,0.0,0.060600463218061416,-0.9071415675330358,4.15139429274962,0.07595460673378354,-0.08727973345706286,0.0,459.97750849176447,459.78735925334104,460.5798261120026,459.910475407727
2.4600000000000017,-0.1895082593672584,-0.8118692825532663,5.4269697533991925,6.263032468649275,6.223919050104673,0.0,0.10057259027203516,-0.924549248826179,4.273388670703808,0.07791307416626828,-0.06494219229759692,0.0,459.7589936148112,461.5206429230257,459.85749946855503,460.0170455425997
2.520000000000002,-0.18216981972628496,-0.8677896835415037,5.687437768647881,6.268125529870229,6.219743326349484,0.0,0.14444299613189454,-0.9389393049415278,4.408359231272772,0.0960713319318178,-0.08106132716665747,0.0,466.0937196157975,464.82858832786377,464.1317418036332,465.5602488125382
2.580000000000002,-0.17203959323767226,-0.9244753990874934,5.9570121110125,6.273982100410965,6.215177906691311,0.0,0.19371700495268912,-0.9499363312610976,4.576778801119656,0.10051874681342346,-0.06765197651920402,0.0,475.7341104237232,476.7556238493276,475.91529943435273,476.26306926767336
2.640000000000002,-0.15919550706383767,-0.9816489944775636,6.231702857869622,6.279843307977625,6.211449949781226,0.0,0.23475982546879468,-0.9553406736082429,4.579561403800477,0.09132296889091547,-0.05290963112625736,0.0,426.70434222542906,427.9581361406445,425.2377390760878,424.4578030444811
2.700000000000002,-0.1439610340444782,-1.0390414948268805,6.504679526429148,0.003086621210657725,6.208103665020079,0.0,0.2733300653777444,-0.9572792357563187,4.519894050821241,0.1277232956982953,-0.062213825228613434,0.0,405.28282963112116,404.4431128640408,403.60212517467966,406.88512437296345
2.760000000000002,-0.1262178357433836,-1.0964373056927186,6.775915124079332,0.010519928373346588,6.203877012265375,0.0,0.31845040894206017,-0.9552664991981903,4.521275420475558,0.11484544397096981,-0.09694259023367963,0.0,426.9640207121636,423.9857655376819,425.4003531109777,424.3106767504037
2.820000000000002,-0.10568867064066619,-1.153585839809302,7.0471859753887625,0.017802919455304433,6.197872978174399,0.0,0.36637098375868427,-0.9490758648725758,4.521052247614222,0.13199617670262387,-0.10718531348438232,0.0,426.08022745871443,425.1943422896557,423.0175898721463,424.50597235333174
2.880000000000002,-0.08212694688684433,-1.2102217429029198,7.319004608575863,0.026553680494304288,6.19167971621183,0.0,0.41958175577347495,-0.9380439079583436,4.539448806461541,0.16463986438591155,-0.09628809150463084,0.0,430.7802494397373,431.69115274725647,429.1712125145853,431.9531346238375
2.940000000000002,-0.05487544523088919,-1.2659155182363957,7.596073322056929,0.036457896933938194,6.18587938209647,0.0,0.4893833654966285,-0.9173569679609953,4.695478010832929,0.1659163457683424,-0.09745120434378962,0.0,473.46317124929465,473.36631125494176,474.36002941758835,474.4821671218326
3.000000000000002,-0.023569182334534734,-1.3202505506456594,7.879820713961239,0.04582405769764808,6.180189732421141,0.0,0.5546923990780578,-0.8928748042885355,4.762417277627727,0.11441075626082914,-0.09004134299407134,0.0,447.9810069909693,448.5756121112896,450.1537866922669,445.9868290698484
3.0600000000000023,0.012085275963936916,-1.3728023074879498,8.170632280571889,0.05244063704709756,6.175475789839879,0.0,0.6342739723198931,-0.8581328260746988,4.930497953803033,0.10037369480325797,-0.06212182347704398,0.0,479.80861987651446,481.9190470077661,478.89914373243494,477.8398503987256
3.1200000000000023,0.05235540504516338,-1.4232510198325843,8.469125496129491,0.058844676457392886,6.171895260180756,0.0,0.7083849938459225,-0.8228894754014786,5.018811345670405,0.11711070880438545,-0.05518576584745594,0.0,457.14122813789817,457.6912441887793,456.364121762092,457.7077787310149
3.1800000000000024,0.09717859556502867,-1.4714325384879807,8.773225114256903,0.06616302589214396,6.1691965148273304,0.0,0.7859686651286887,-0.7824599115881016,5.117321877374568,0.13024895960176516,-0.02989944756213355,0.0,461.19916538334485,463.19104403005673,459.91937457212714,460.97169272204945
3.2400000000000024,0.14636064169988236,-1.5172385908669668,9.080213721104306,0.0742177712556531,6.167513412784631,0.0,0.8535787499688223,-0.7437199367086057,5.115568566071316,0.141226974767835,-0.02459154980306035,0.0,430.0506162368384,430.4998103428983,430.55876626873726,431.50381742074325
3.3000000000000025,0.20035742532744955,-1.5601013913105264,9.393340269399078,0.08311516207180958,6.166174712806056,0.0,0.9463624357158879,-0.68409022263947,5.320946237196024,0.159590563841166,-0.018103152441948697,0.0,493.56725810428657,494.0459716010912,493.79305519837413,495.16397501832586
3.3600000000000025,0.25909369279625855,-1.5997871015217409,9.711521449450528,0.09227775169810126,6.164862775364082,0.0,1.0116202925264604,-0.6379826105478095,5.285174410958444,0.1331403388299688,-0.030715191806407152,0.0,422.770668019516,421.68232918516355,422.4097705625658,420.1450962661012
3.4200000000000026,0.3221621603685553,-1.6362496617902886,10.030834644338192,0.10020605255689308,6.162783448379063,0.0,1.0908000054330795,-0.5766875900845032,5.358139774645587,0.1300573845841199,-0.04400611075653826,0.0,456.5321182936887,455.4697265094529,457.48991527605716,457.25984232126456
3.4800000000000026,0.3901349502799981,-1.6687842338119963,10.355416135732032,0.10797683003239111,6.160024161431789,0.0,1.1751628665435288,-0.5070505676344984,5.460610060305553,0.1284024482420527,-0.05027869307795207,0.0,467.0468041876349,466.5561095991119,466.70419270725336,466.5894671729401
3.5400000000000027,0.46340621320696834,-1.6968207054214872,10.687563551807616,0.11548380633344912,6.157277258900205,0.0,1.2674197232138542,-0.426746233461122,5.610072050451943,0.11757412661556833,-0.03803875433711189,0.0,481.1803890268842,482.1051463658124,482.93889659137056,482.1341560636558
3.6000000000000028,0.5417340618845897,-1.7203643506604005,11.024472631652959,0.12251589409994335,6.155191082565832,0.0,1.3436752267818781,-0.3574205576453252,5.620030064949637,0.11644624961184459,-0.028924829663238207,0.0,440.6760995567675,441.4284233162709,440.84478384884335,440.76399949319585
3.660000000000003,0.6247660521022969,-1.739528475501638,11.36269919180541,0.1291931142357967,6.153743787171898,0.0,1.4241573009788338,-0.28076848628844464,5.653862138002778,0.09820709500407898,-0.015924574339208263,0.0,448.4133114312583,449.4682406463202,449.80002287470694,448.3309104240928
3.720000000000003,0.7122760092205431,-1.7543407763462333,11.700106881274762,0.13490854823254494,6.152764753255127,0.0,1.492927889112397,-0.2124740715942107,5.59322246526696,0.08859193066654751,-0.017114299200724187,0.0,419.04850530113066,418.9451239499447,418.7204073221534,417.891222737046
3.780000000000003,0.8044289326755953,-1.7644418467396659,12.037675465782538,0.14029741781481953,6.152125706297269,0.0,1.5788391760279947,-0.12374823534226083,5.658577175124164,0.09215231100928004,-0.0001282062152465997,0.0,458.4440658696468,459.79209507686693,459.30018075321726,459.5889582609013
3.840000000000003,0.9017864326342907,-1.769060299800426,12.379489920423524,0.14631614957709882,6.152114130278266,0.0,1.6663235902932865,-0.029677117828202176,5.7346899079853815,0.11299936741469291,-0.0003227162201535322,0.0,464.05156873460635,464.03630179275655,462.36092477161037,464.0087558956078
3.900000000000003,1.0047881382049668,-1.7674601909110295,12.728859502439757,0.15289113133149534,6.152395282647191,0.0,1.7668890887010102,0.08363888958975102,5.90986083304133,0.10169133161785063,0.013183487969533027,0.0,494.26204425459,495.25653334162814,494.2814487706802,493.45647900877515
3.960000000000003,1.1126658016190696,-1.7602431710158168,13.08012724148038,0.159042883351324,6.152962365300052,0.0,1.8290160710591037,0.15745704438152605,5.799490328170838,0.10415308171532804,0.0006853969006647967,0.0,406.31744055122033,405.1950513847389,405.7007422589025,405.931982895039
4.020000000000002,1.2249530251089664,-1.7476579985752152,13.430000421932716,0.1648230509502948,6.153417556434805,0.0,1.9137741258572842,0.26258540204332803,5.862426322120908,0.0722204664509236,0.01868833482019591,0.0,461.9647510926256,463.382323569819,462.82893792154573,460.31549342021003
4.080000000000001,1.3418433338972784,-1.7292404482554675,13.780130442604419,0.16956895387403748,6.154545090056601,0.0,1.9824645603229998,0.351745151910885,5.808699245237014,0.09016391120179268,0.018999190486999884,0.0,425.0293210817613,425.0559322669917,425.1976125734799,426.7375864003276
4.14,1.4625951984203636,-1.7056971982894824,14.125243058723033,0.17516838195926265,6.155832055716662,0.0,2.042533672881897,0.43352003599767036,5.695480305991872,0.09899004671207183,0.025947149816841417,0.0,404.5325773141353,405.15793635100016,404.0814529714188,404.88477351515917
4.199999999999998,1.5883244153413887,-1.675238812649562,14.474350427136946,0.1814370581579725,6.157608773047485,0.0,2.1480061200685943,0.5822848062518252,5.939928680844241,0.1136538068626253,0.03608418234498521,0.0,514.6921263897965,515.409306534312,515.397493579938,516.4407663514232
4.259999999999997,1.7194314209067323,-1.6369796628668458,14.831118152004427,0.1888151762531196,6.159847110019211,0.0,2.2219575908731475,0.6936394006776062,5.952054683956164,0.1370294064307607,0.039642413814716046,0.0,449.0073133933907,449.29658644604086,448.3616352700616,450.2703309274215
4.319999999999996,1.8546933236314407,-1.592252249623467,15.186758150687831,0.1971664928463488,6.162025961512185,0.0,2.286555371767563,0.7979800128940486,5.9026539970499625,0.1431864006123643,0.02865303165122277,0.0,429.0986368914031,428.1651377256804,430.48501784364646,431.0244303852631
4.379999999999995,1.9939580706043087,-1.540847926378309,15.54079025909112,0.20565297399304772,6.163480843362773,0.0,2.3553989142795064,0.9162267310931932,5.89817199968324,0.1377051495656928,0.01353442828722655,0.0,444.7412901011175,443.50107044010485,445.0216349512218,444.59123786812347
4.439999999999993,2.137178543998503,-1.4824421654996702,15.893368128355,0.21372135432682615,6.16435518076209,0.0,2.4185107075785393,1.0313193734252957,5.854375226735157,0.1270748438463351,0.01657109448725602,0.0,431.7775297741607,432.03359870105123,432.6703753699884,431.7914437989972
4.499999999999992,2.284047903862078,-1.417200711246336,16.24236564726674,0.22200109071036866,6.165436652763654,0.0,2.4770344741009414,1.1440670062631138,5.778993618392254,0.15384506800828376,0.020783357663675072,0.0,420.51861211747087,420.8833764933481,421.0841123815358,423.4123121856714
4.559999999999991,2.435107945671965,-1.343731920842099,16.592657839361813,0.2310569132851752,6.167175259081304,0.0,2.557985980604355,1.3056726801012624,5.896402198354042,0.1443589757748307,0.04171161538114269,0.0,482.411875009049,483.9900328978519,483.26803964931685,482.57175363542865
4.6199999999999894,2.5905161711028524,-1.2612802158125078,16.946135079479774,0.2399056014553862,6.169555227534776,0.0,2.622000685964766,1.4434459909925914,5.8858945400944735,0.15307613313070578,0.03522575315962587,0.0,445.16049491441424,444.6301209553115,444.9738978905088,445.7073651370716
4.679999999999988,2.7497597180196243,-1.170305742804921,17.299355647993572,0.24908191630845344,6.172018921577665,0.0,2.685827338173906,1.5897925054646336,5.8877403022613075,0.15266240003559794,0.05072784016076188,0.0,449.8505175458821,451.1051709196721,449.078192245186,449.06642018817536
4.739999999999987,2.912591736529069,-1.0707917630262598,17.651071614994205,0.25837927556952867,6.175246030407328,0.0,2.7415953686555086,1.7280986556786486,5.836047044357887,0.15918321979074407,0.059287064128151934,0.0,432.93726977542667,433.65898302879987,432.27241554714016,432.84506284749745
4.799999999999986,3.0785797958827663,-0.9631198666250261,17.998556938049028,0.2680398955046268,6.178570651370329,0.0,2.791041585646649,1.8617492375753528,5.746912557986699,0.16443041225087676,0.04624234832938637,0.0,420.33269335028353,419.20263926095106,420.6004423665063,421.08095683795574
4.859999999999984,3.247880361674179,-0.8462432319104595,18.34442342374578,0.27775685032517927,6.181465989700714,0.0,2.8519308589710115,2.0349184179512494,5.7813162260222075,0.15646538289492626,0.052004277737139996,0.0,460.5383801410364,460.99532373183166,461.86578752590003,461.2608934534359
4.919999999999983,3.4202834699095255,-0.7201049183013105,18.687754389245022,0.286824252733374,6.184349107563438,0.0,2.8946003897033696,2.1704417128907667,5.663287101519987,0.13743827447294182,0.0386682203776431,0.0,412.15325890922827,410.9741774839088,411.8972021461361,410.23388966143625
4.979999999999982,3.595606209679614,-0.5845245741012078,19.027975933666763,0.29580884613364233,6.187069245630987,0.0,2.9491584230702084,2.3495561828027403,5.676873834828467,0.16703122825284905,0.05612691479690675,0.0,454.7542611847609,456.15199538833645,454.35548624954185,456.74215152606484
5.0399999999999805,3.774481639152423,-0.43697349021001486,19.37242332687051,0.30599591362642187,6.190458560927013,0.0,3.0128164605227474,2.5695559836015547,5.803405189851095,0.17478288828189334,0.05720201535519631,0.0,491.4107147047978,491.4922575094656,492.06227268960436,492.6603833944158
